 $DATA  
phosphine oxide...3-21G* basis...localized orbital test                         
CNV      3

P          15.0      0.0000000000      0.0000000000      0.0000000000
   N21     3
   D       1
     1              0.5500000000  1.00000000
        
O           8.0      0.0000000000      0.0000000000      1.4701000000
   N21     3
        
H           1.0      1.2335928631      0.0000000000     -0.6421021244
   N21     3
        
 $END      
--- CLOSED SHELL ORBITALS --- GENERATED AT Tue Aug 12 15:58:09 2008
phosphine oxide...3-21G* basis...localized orbital test                         
E(RHF)=     -415.2660357291, E(NUC)=   66.2533738551,   10 ITERS
 $VEC   
 1  1 9.85538117E-01 6.65520091E-02 0.00000000E+00 0.00000000E+00-1.25988449E-04
 1  2-9.14997690E-02 0.00000000E+00 0.00000000E+00 8.05591143E-04-1.82483326E-02
 1  3 0.00000000E+00 0.00000000E+00 3.81517480E-03 3.99054282E-02 3.99054282E-02
 1  4 4.14155766E-02 0.00000000E+00 0.00000000E+00 0.00000000E+00 4.19328915E-05
 1  5-3.74641470E-04 0.00000000E+00 0.00000000E+00 5.41784365E-04-4.77758104E-04
 1  6 0.00000000E+00 0.00000000E+00 1.91090817E-03-1.33549006E-03 4.90459800E-03
 1  7-1.33549006E-03 4.90459800E-03-1.33549006E-03 4.90459800E-03
 2  1 6.13401143E-05-9.19500048E-04 0.00000000E+00 0.00000000E+00-5.28477822E-04
 2  2 1.36187955E-03 0.00000000E+00 0.00000000E+00 6.66890532E-03 1.79578751E-02
 2  3 0.00000000E+00 0.00000000E+00 6.57011148E-03-2.90266315E-03-2.90266315E-03
 2  4 3.86712335E-03 0.00000000E+00 0.00000000E+00 0.00000000E+00 9.83460395E-01
 2  5 9.71153324E-02 0.00000000E+00 0.00000000E+00-3.74398422E-03-4.26593309E-02
 2  6 0.00000000E+00 0.00000000E+00 1.10764070E-02 3.64759121E-04-2.86398059E-03
 2  7 3.64759121E-04-2.86398059E-03 3.64759121E-04-2.86398059E-03
 3  1-2.91715684E-01 9.55492377E-01 0.00000000E+00 0.00000000E+00-1.58361716E-03
 3  2 3.03427110E-01 0.00000000E+00 0.00000000E+00 1.95175372E-04-1.38516997E-02
 3  3 0.00000000E+00 0.00000000E+00 1.95364800E-03-9.25708735E-02-9.25708735E-02
 3  4-9.16962211E-02 0.00000000E+00 0.00000000E+00 0.00000000E+00-3.37335966E-04
 3  5 4.63214209E-04 0.00000000E+00 0.00000000E+00-8.92057647E-04 2.56719383E-04
 3  6 0.00000000E+00 0.00000000E+00 5.59171015E-04 1.24686241E-04 2.39145310E-03
 3  7 1.24686241E-04 2.39145310E-03 1.24686241E-04 2.39145310E-03
 4  1-4.41751213E-04 1.95291945E-03 0.00000000E+00 0.00000000E+00 9.71307744E-01
 4  2-6.15098578E-03 0.00000000E+00 0.00000000E+00 9.83382831E-02 2.29736917E-02
 4  3 0.00000000E+00 0.00000000E+00-2.68910518E-02-8.84920159E-04-8.84920159E-04
 4  4 1.34586680E-02 0.00000000E+00 0.00000000E+00 0.00000000E+00-6.27084069E-04
 4  5 2.71398591E-03 0.00000000E+00 0.00000000E+00-4.85676333E-04-1.54115079E-02
 4  6 0.00000000E+00 0.00000000E+00 1.83326141E-02 3.57900820E-03-9.00713740E-03
 4  7 3.57900820E-03-9.00713740E-03 3.57900820E-03-9.00713740E-03
 5  1 0.00000000E+00 0.00000000E+00 9.73722471E-01 0.00000000E+00 0.00000000E+00
 5  2 0.00000000E+00 8.53006527E-02 0.00000000E+00 0.00000000E+00 0.00000000E+00
 5  3-2.88211118E-02 0.00000000E+00 0.00000000E+00 7.75185088E-04-7.75185088E-04
 5  4 0.00000000E+00 0.00000000E+00-1.16998392E-03 0.00000000E+00 0.00000000E+00
 5  5 0.00000000E+00-1.72913172E-05 0.00000000E+00 0.00000000E+00 0.00000000E+00
 5  6 3.95772594E-04 0.00000000E+00 0.00000000E+00 3.10538567E-03-4.22640413E-03
 5  7 3.10538567E-03-4.22640413E-03-6.21077133E-03 8.45280826E-03
 6  1 0.00000000E+00 0.00000000E+00 0.00000000E+00 9.73722471E-01 0.00000000E+00
 6  2 0.00000000E+00 0.00000000E+00 8.53006527E-02 0.00000000E+00 0.00000000E+00
 6  3 0.00000000E+00-2.88211118E-02 0.00000000E+00 0.00000000E+00 0.00000000E+00
 6  4 0.00000000E+00-8.95106639E-04 0.00000000E+00-1.16998392E-03 0.00000000E+00
 6  5 0.00000000E+00 0.00000000E+00-1.72913172E-05 0.00000000E+00 0.00000000E+00
 6  6 0.00000000E+00 3.95772594E-04 0.00000000E+00-5.37868575E-03 7.32034669E-03
 6  7 5.37868575E-03-7.32034669E-03 0.00000000E+00 0.00000000E+00
 7  1 3.04331996E-02-1.52697162E-01 0.00000000E+00 0.00000000E+00-8.99657664E-02
 7  2 1.47896973E-01 0.00000000E+00 0.00000000E+00 1.24899176E-01 6.96226405E-02
 7  3 0.00000000E+00 0.00000000E+00 1.62105241E-03-7.26342915E-03-7.26342915E-03
 7  4 7.42494887E-02 0.00000000E+00 0.00000000E+00 0.00000000E+00-2.18857169E-01
 7  5 2.10323062E-01 0.00000000E+00 0.00000000E+00-1.00879892E-01 6.51384864E-01
 7  6 0.00000000E+00 0.00000000E+00-9.15663137E-02 1.71968066E-02 6.31421303E-03
 7  7 1.71968066E-02 6.31421303E-03 1.71968066E-02 6.31421303E-03
 8  1 5.32678466E-02-2.76036240E-01 0.00000000E+00 0.00000000E+00 9.00563862E-02
 8  2 2.84064371E-01 0.00000000E+00 0.00000000E+00-1.66934269E-01 3.10680348E-01
 8  3 0.00000000E+00 0.00000000E+00-9.62258073E-02 5.77962018E-02 5.77962018E-02
 8  4 1.77105825E-02 0.00000000E+00 0.00000000E+00 0.00000000E+00 7.85466854E-02
 8  5-7.40332494E-02 0.00000000E+00 0.00000000E+00-6.00553097E-02-2.81183011E-01
 8  6 0.00000000E+00 0.00000000E+00-4.92792467E-02 1.34561379E-01 8.14321210E-02
 8  7 1.34561379E-01 8.14321210E-02 1.34561379E-01 8.14321210E-02
 9  1 0.00000000E+00 0.00000000E+00-1.90604304E-01 0.00000000E+00 0.00000000E+00
 9  2 0.00000000E+00 3.80257065E-01 0.00000000E+00 0.00000000E+00 0.00000000E+00
 9  3 2.06532472E-01 0.00000000E+00 0.00000000E+00 5.22910213E-02-5.22910213E-02
 9  4 0.00000000E+00 0.00000000E+00-3.72769062E-02 0.00000000E+00 0.00000000E+00
 9  5 0.00000000E+00 1.80041819E-01 0.00000000E+00 0.00000000E+00 0.00000000E+00
 9  6 1.85655246E-01 0.00000000E+00 0.00000000E+00-1.08867089E-01-1.23460580E-01
 9  7-1.08867089E-01-1.23460580E-01 2.17734179E-01 2.46921161E-01
10  1 0.00000000E+00 0.00000000E+00 0.00000000E+00-1.90604304E-01 0.00000000E+00
10  2 0.00000000E+00 0.00000000E+00 3.80257065E-01 0.00000000E+00 0.00000000E+00
10  3 0.00000000E+00 2.06532472E-01 0.00000000E+00 0.00000000E+00 0.00000000E+00
10  4 0.00000000E+00-6.03804704E-02 0.00000000E+00-3.72769062E-02 0.00000000E+00
10  5 0.00000000E+00 0.00000000E+00 1.80041819E-01 0.00000000E+00 0.00000000E+00
10  6 0.00000000E+00 1.85655246E-01 0.00000000E+00 1.88563330E-01 2.13839998E-01
10  7-1.88563330E-01-2.13839998E-01 0.00000000E+00 0.00000000E+00
11  1-1.52094046E-02 7.39806689E-02 0.00000000E+00 0.00000000E+00 1.67452390E-01
11  2-1.42861008E-01 0.00000000E+00 0.00000000E+00-3.49353211E-01 3.47989886E-02
11  3 0.00000000E+00 0.00000000E+00-6.05871653E-02 2.38417499E-02 2.38417499E-02
11  4-9.49316585E-02 0.00000000E+00 0.00000000E+00 0.00000000E+00-8.85223516E-02
11  5 7.61615187E-02 0.00000000E+00 0.00000000E+00 4.09787165E-01 4.11463115E-01
11  6 0.00000000E+00 0.00000000E+00 3.98200841E-01 5.39710433E-02 6.49542366E-02
11  7 5.39710433E-02 6.49542366E-02 5.39710433E-02 6.49542366E-02
12  1 0.00000000E+00 0.00000000E+00 2.15018881E-02 0.00000000E+00 0.00000000E+00
12  2 0.00000000E+00-6.24304595E-02 0.00000000E+00 0.00000000E+00 0.00000000E+00
12  3 1.72565232E-01 0.00000000E+00 0.00000000E+00-3.77721189E-02 3.77721189E-02
12  4 0.00000000E+00 0.00000000E+00 1.48705424E-01 0.00000000E+00 0.00000000E+00
12  5 0.00000000E+00 4.31275227E-01 0.00000000E+00 0.00000000E+00 0.00000000E+00
12  6 5.14671656E-01 0.00000000E+00 0.00000000E+00 7.26278223E-02 1.80241014E-01
12  7 7.26278223E-02 1.80241014E-01-1.45255645E-01-3.60482028E-01
13  1 0.00000000E+00 0.00000000E+00 0.00000000E+00 2.15018881E-02 0.00000000E+00
13  2 0.00000000E+00 0.00000000E+00-6.24304595E-02 0.00000000E+00 0.00000000E+00
13  3 0.00000000E+00 1.72565232E-01 0.00000000E+00 0.00000000E+00 0.00000000E+00
13  4 0.00000000E+00 4.36154861E-02 0.00000000E+00 1.48705424E-01 0.00000000E+00
13  5 0.00000000E+00 0.00000000E+00 4.31275227E-01 0.00000000E+00 0.00000000E+00
13  6 0.00000000E+00 5.14671656E-01 0.00000000E+00-1.25795078E-01-3.12186593E-01
13  7 1.25795078E-01 3.12186593E-01 0.00000000E+00 0.00000000E+00
14  1 8.97433039E-03-5.10826116E-02 0.00000000E+00 0.00000000E+00-7.21855539E-02
14  2 1.83030999E-02 0.00000000E+00 0.00000000E+00 7.25017553E-02-6.61342225E-02
14  3 0.00000000E+00 0.00000000E+00 1.39844010E+00 1.13844183E-01 1.13844183E-01
14  4-1.72049391E-01 0.00000000E+00 0.00000000E+00 0.00000000E+00 8.10981997E-02
14  5-1.99478297E-02 0.00000000E+00 0.00000000E+00 1.56842719E-01-8.02210812E-01
14  6 0.00000000E+00 0.00000000E+00 2.74563799E-01-2.56821746E-03 3.68759973E-01
14  7-2.56821746E-03 3.68759973E-01-2.56821746E-03 3.68759973E-01
15  1 0.00000000E+00 0.00000000E+00-1.39888992E-01 0.00000000E+00 0.00000000E+00
15  2 0.00000000E+00 2.74623089E-01 0.00000000E+00 0.00000000E+00 0.00000000E+00
15  3 1.38453574E+00 0.00000000E+00 0.00000000E+00-1.14191840E-01 1.14191840E-01
15  4 0.00000000E+00 0.00000000E+00-1.49419679E-03 0.00000000E+00 0.00000000E+00
15  5 0.00000000E+00-2.05977779E-01 0.00000000E+00 0.00000000E+00 0.00000000E+00
15  6-4.14277897E-01 0.00000000E+00 0.00000000E+00 5.01885141E-02 5.79822622E-01
15  7 5.01885141E-02 5.79822622E-01-1.00377028E-01-1.15964524E+00
16  1 0.00000000E+00 0.00000000E+00 0.00000000E+00-1.39888992E-01 0.00000000E+00
16  2 0.00000000E+00 0.00000000E+00 2.74623089E-01 0.00000000E+00 0.00000000E+00
16  3 0.00000000E+00 1.38453574E+00 0.00000000E+00 0.00000000E+00 0.00000000E+00
16  4 0.00000000E+00 1.31857379E-01 0.00000000E+00-1.49419679E-03 0.00000000E+00
16  5 0.00000000E+00 0.00000000E+00-2.05977779E-01 0.00000000E+00 0.00000000E+00
16  6 0.00000000E+00-4.14277897E-01 0.00000000E+00-8.69290564E-02-1.00428224E+00
16  7 8.69290564E-02 1.00428224E+00 0.00000000E+00 0.00000000E+00
17  1 4.75624618E-02-2.64330943E-01 0.00000000E+00 0.00000000E+00 9.75760327E-02
17  2 2.43137718E-01 0.00000000E+00 0.00000000E+00-2.62953713E-01 1.90577443E+00
17  3 0.00000000E+00 0.00000000E+00-5.95383682E-01 8.60844923E-02 8.60844923E-02
17  4 5.04745179E-02 0.00000000E+00 0.00000000E+00 0.00000000E+00 2.49760431E-02
17  5-1.86778843E-02 0.00000000E+00 0.00000000E+00 1.16623806E-01-1.62445054E-01
17  6 0.00000000E+00 0.00000000E+00 2.03659511E-01-5.36278144E-02-1.13330150E+00
17  7-5.36278144E-02-1.13330150E+00-5.36278144E-02-1.13330150E+00
18  1 0.00000000E+00 0.00000000E+00-3.19388949E-01 0.00000000E+00 0.00000000E+00
18  2 0.00000000E+00 1.20383065E+00 0.00000000E+00 0.00000000E+00 0.00000000E+00
18  3-1.09786950E+00 0.00000000E+00 0.00000000E+00 1.26670227E-01-1.26670227E-01
18  4 0.00000000E+00 0.00000000E+00-8.34763492E-02 0.00000000E+00 0.00000000E+00
18  5 0.00000000E+00 1.26179865E-02 0.00000000E+00 0.00000000E+00 0.00000000E+00
18  6 9.49370841E-02 0.00000000E+00 0.00000000E+00-8.55615853E-02 9.52997481E-02
18  7-8.55615853E-02 9.52997481E-02 1.71123171E-01-1.90599496E-01
19  1 0.00000000E+00 0.00000000E+00 0.00000000E+00-3.19388949E-01 0.00000000E+00
19  2 0.00000000E+00 0.00000000E+00 1.20383065E+00 0.00000000E+00 0.00000000E+00
19  3 0.00000000E+00-1.09786950E+00 0.00000000E+00 0.00000000E+00 0.00000000E+00
19  4 0.00000000E+00-1.46266179E-01 0.00000000E+00-8.34763492E-02 0.00000000E+00
19  5 0.00000000E+00 0.00000000E+00 1.26179865E-02 0.00000000E+00 0.00000000E+00
19  6 0.00000000E+00 9.49370841E-02 0.00000000E+00 1.48197013E-01-1.65064006E-01
19  7-1.48197013E-01 1.65064006E-01 0.00000000E+00 0.00000000E+00
20  1-3.63903192E-02 3.66209505E-03 0.00000000E+00 0.00000000E+00-7.41538664E-02
20  2-1.67681457E+00 0.00000000E+00 0.00000000E+00 3.52209534E-01 3.91407350E+00
20  3 0.00000000E+00 0.00000000E+00-1.02137074E+00-1.77629506E-01-1.77629506E-01
20  4-6.52095664E-02 0.00000000E+00 0.00000000E+00 0.00000000E+00 3.28950168E-02
20  5-3.19271208E-02 0.00000000E+00 0.00000000E+00 8.56793649E-04-3.48488413E-01
20  6 0.00000000E+00 0.00000000E+00 1.22778197E-01-2.00637191E-01-9.49504074E-01
20  7-2.00637191E-01-9.49504074E-01-2.00637191E-01-9.49504074E-01
21  1 2.55894464E-02-1.10017493E-01 0.00000000E+00 0.00000000E+00-3.21844818E-01
21  2 5.30394938E-01 0.00000000E+00 0.00000000E+00 1.24437210E+00-1.53335834E-01
21  3 0.00000000E+00 0.00000000E+00-1.19725669E+00 2.01285333E-01 2.01285333E-01
21  4-3.64235023E-01 0.00000000E+00 0.00000000E+00 0.00000000E+00 5.66340504E-03
21  5-4.63279236E-02 0.00000000E+00 0.00000000E+00 2.51725924E-01 2.95452717E-01
21  6 0.00000000E+00 0.00000000E+00 2.95537102E-01-5.92099534E-02-1.28380979E-01
21  7-5.92099534E-02-1.28380979E-01-5.92099534E-02-1.28380979E-01
22  1 0.00000000E+00 0.00000000E+00 2.48142382E-05 0.00000000E+00 0.00000000E+00
22  2 0.00000000E+00-3.30153363E-02 0.00000000E+00 0.00000000E+00 0.00000000E+00
22  3 2.69442036E-01 0.00000000E+00 0.00000000E+00 6.23861965E-01-6.23861965E-01
22  4 0.00000000E+00 0.00000000E+00 6.95000156E-01 0.00000000E+00 0.00000000E+00
22  5 0.00000000E+00-1.73316240E-01 0.00000000E+00 0.00000000E+00 0.00000000E+00
22  6-1.74476582E-01 0.00000000E+00 0.00000000E+00 1.90409163E-02 6.10344328E-02
22  7 1.90409163E-02 6.10344328E-02-3.80818327E-02-1.22068866E-01
23  1 0.00000000E+00 0.00000000E+00 0.00000000E+00-2.48142382E-05 0.00000000E+00
23  2 0.00000000E+00 0.00000000E+00 3.30153363E-02 0.00000000E+00 0.00000000E+00
23  3 0.00000000E+00-2.69442036E-01 0.00000000E+00 0.00000000E+00 0.00000000E+00
23  4 0.00000000E+00 7.20373746E-01 0.00000000E+00-6.95000156E-01 0.00000000E+00
23  5 0.00000000E+00 0.00000000E+00 1.73316240E-01 0.00000000E+00 0.00000000E+00
23  6 0.00000000E+00 1.74476582E-01 0.00000000E+00 3.29798345E-02 1.05714739E-01
23  7-3.29798345E-02-1.05714739E-01 0.00000000E+00 0.00000000E+00
24  1 0.00000000E+00 0.00000000E+00-1.40740513E-01 0.00000000E+00 0.00000000E+00
24  2 0.00000000E+00 4.84474402E-01 0.00000000E+00 0.00000000E+00 0.00000000E+00
24  3-1.17718015E+00 0.00000000E+00 0.00000000E+00-5.01000627E-01 5.01000627E-01
24  4 0.00000000E+00 0.00000000E+00 5.97308566E-01 0.00000000E+00 0.00000000E+00
24  5 0.00000000E+00-5.36983072E-02 0.00000000E+00 0.00000000E+00 0.00000000E+00
24  6-2.36547582E-02 0.00000000E+00 0.00000000E+00 2.16038665E-01-6.68941954E-01
24  7 2.16038665E-01-6.68941954E-01-4.32077330E-01 1.33788391E+00
25  1 0.00000000E+00 0.00000000E+00 0.00000000E+00 1.40740513E-01 0.00000000E+00
25  2 0.00000000E+00 0.00000000E+00-4.84474402E-01 0.00000000E+00 0.00000000E+00
25  3 0.00000000E+00 1.17718015E+00 0.00000000E+00 0.00000000E+00 0.00000000E+00
25  4 0.00000000E+00-5.78505693E-01 0.00000000E+00-5.97308566E-01 0.00000000E+00
25  5 0.00000000E+00 0.00000000E+00 5.36983072E-02 0.00000000E+00 0.00000000E+00
25  6 0.00000000E+00 2.36547582E-02 0.00000000E+00 3.74189944E-01-1.15864145E+00
25  7-3.74189944E-01 1.15864145E+00 0.00000000E+00 0.00000000E+00
26  1-4.40359398E-02 1.94289061E-01 0.00000000E+00 0.00000000E+00-2.00421467E-03
26  2-1.28938088E+00 0.00000000E+00 0.00000000E+00-1.16464057E-01 2.12979027E+00
26  3 0.00000000E+00 0.00000000E+00-9.29191339E-01 4.08757838E-01 4.08757838E-01
26  4-5.08533018E-01 0.00000000E+00 0.00000000E+00 0.00000000E+00-4.88930327E-02
26  5 3.05961265E-02 0.00000000E+00 0.00000000E+00-7.43327853E-02 3.89146886E-01
26  6 0.00000000E+00 0.00000000E+00-4.37615494E-01 5.77298307E-01-1.20749195E+00
26  7 5.77298307E-01-1.20749195E+00 5.77298307E-01-1.20749195E+00
27  1-2.03986847E-03 1.90207426E-02 0.00000000E+00 0.00000000E+00-2.27485517E-01
27  2-1.77344263E-01 0.00000000E+00 0.00000000E+00 1.00040534E+00 1.31458622E+00
27  3 0.00000000E+00 0.00000000E+00-1.36520017E-01-3.80766417E-01-3.80766417E-01
27  4 1.12739234E+00 0.00000000E+00 0.00000000E+00 0.00000000E+00 1.06637303E-01
27  5-1.03675670E-01 0.00000000E+00 0.00000000E+00 1.27081738E-02-9.22502913E-01
27  6 0.00000000E+00 0.00000000E+00 1.05709533E+00 4.39401834E-01-5.86227293E-01
27  7 4.39401834E-01-5.86227293E-01 4.39401834E-01-5.86227293E-01
28  1 0.00000000E+00 0.00000000E+00 1.02823693E-01 0.00000000E+00 0.00000000E+00
28  2 0.00000000E+00-2.75501817E-01 0.00000000E+00 0.00000000E+00 0.00000000E+00
28  3 2.76635163E-01 0.00000000E+00 0.00000000E+00-4.05962014E-01 4.05962014E-01
28  4 0.00000000E+00 0.00000000E+00 5.28664069E-01 0.00000000E+00 0.00000000E+00
28  5 0.00000000E+00-8.92750743E-02 0.00000000E+00 0.00000000E+00 0.00000000E+00
28  6-5.04256965E-02 0.00000000E+00 0.00000000E+00-5.18712333E-01 4.10972892E-01
28  7-5.18712333E-01 4.10972892E-01 1.03742467E+00-8.21945785E-01
29  1 0.00000000E+00 0.00000000E+00 0.00000000E+00-1.02823693E-01 0.00000000E+00
29  2 0.00000000E+00 0.00000000E+00 2.75501817E-01 0.00000000E+00 0.00000000E+00
29  3 0.00000000E+00-2.76635163E-01 0.00000000E+00 0.00000000E+00 0.00000000E+00
29  4 0.00000000E+00-4.68764556E-01 0.00000000E+00-5.28664069E-01 0.00000000E+00
29  5 0.00000000E+00 0.00000000E+00 8.92750743E-02 0.00000000E+00 0.00000000E+00
29  6 0.00000000E+00 5.04256965E-02 0.00000000E+00-8.98436115E-01 7.11825930E-01
29  7 8.98436115E-01-7.11825930E-01 0.00000000E+00 0.00000000E+00
30  1 0.00000000E+00 0.00000000E+00-4.19174161E-03 0.00000000E+00 0.00000000E+00
30  2 0.00000000E+00 1.30827673E-02 0.00000000E+00 0.00000000E+00 0.00000000E+00
30  3-5.27660793E-01 0.00000000E+00 0.00000000E+00-5.18533804E-02 5.18533804E-02
30  4 0.00000000E+00 0.00000000E+00-2.18349033E-01 0.00000000E+00 0.00000000E+00
30  5 0.00000000E+00-1.03485952E+00 0.00000000E+00 0.00000000E+00 0.00000000E+00
30  6 1.14411546E+00 0.00000000E+00 0.00000000E+00 3.91695208E-02-1.72567307E-01
30  7 3.91695208E-02-1.72567307E-01-7.83390416E-02 3.45134614E-01
31  1 0.00000000E+00 0.00000000E+00 0.00000000E+00-4.19174161E-03 0.00000000E+00
31  2 0.00000000E+00 0.00000000E+00 1.30827673E-02 0.00000000E+00 0.00000000E+00
31  3 0.00000000E+00-5.27660793E-01 0.00000000E+00 0.00000000E+00 0.00000000E+00
31  4 0.00000000E+00 5.98751263E-02 0.00000000E+00-2.18349033E-01 0.00000000E+00
31  5 0.00000000E+00 0.00000000E+00-1.03485952E+00 0.00000000E+00 0.00000000E+00
31  6 0.00000000E+00 1.14411546E+00 0.00000000E+00-6.78436001E-02 2.98895343E-01
31  7 6.78436001E-02-2.98895343E-01 0.00000000E+00 0.00000000E+00
32  1-6.41704647E-03 8.71667721E-02 0.00000000E+00 0.00000000E+00-5.58262468E-03
32  2-6.91983564E-02 0.00000000E+00 0.00000000E+00 3.59640172E-01 1.22885251E-01
32  3 0.00000000E+00 0.00000000E+00-1.66937785E-01 2.67026137E-01 2.67026137E-01
32  4 3.85648210E-02 0.00000000E+00 0.00000000E+00 0.00000000E+00 2.44879270E-02
32  5-8.94580002E-02 0.00000000E+00 0.00000000E+00-1.04202525E+00-3.60069448E-02
32  6 0.00000000E+00 0.00000000E+00 1.18857800E+00-6.97630043E-02-4.20226590E-02
32  7-6.97630043E-02-4.20226590E-02-6.97630043E-02-4.20226590E-02
33  1 1.07915312E-01-1.11263674E+00 0.00000000E+00 0.00000000E+00 5.21183563E-02
33  2 4.74269848E+00 0.00000000E+00 0.00000000E+00-3.73047293E-01 1.13038018E+00
33  3 0.00000000E+00 0.00000000E+00-5.12776612E-01-2.33863122E+00-2.33863122E+00
33  4-2.83966285E+00 0.00000000E+00 0.00000000E+00 0.00000000E+00 1.70973182E-02
33  5-7.77781716E-01 0.00000000E+00 0.00000000E+00-4.18714806E-02 1.22125155E+00
33  6 0.00000000E+00 0.00000000E+00-5.72478325E-01 1.60699028E-01-3.66821776E-01
33  7 1.60699028E-01-3.66821776E-01 1.60699028E-01-3.66821776E-01
34  1 5.77340890E-02-5.94000578E-01 0.00000000E+00 0.00000000E+00-6.01492483E-02
34  2 2.31180737E+00 0.00000000E+00 0.00000000E+00 4.70337200E-01 1.81532036E+00
34  3 0.00000000E+00 0.00000000E+00 1.38891405E-01-1.33689836E+00-1.33689836E+00
34  4-8.66739944E-01 0.00000000E+00 0.00000000E+00 0.00000000E+00-6.50278258E-02
34  5 1.51451108E+00 0.00000000E+00 0.00000000E+00-1.88186833E-01-2.02245783E+00
34  6 0.00000000E+00 0.00000000E+00 6.55855160E-01 1.23356608E-01-4.04125044E-01
34  7 1.23356608E-01-4.04125044E-01 1.23356608E-01-4.04125044E-01
 $END   
 POPULATION ANALYSIS
P           14.19527   0.80473  14.45242   0.54758
O            8.60878  -0.60878   8.42944  -0.42944
H            1.06531  -0.06531   1.03844  -0.03844
H            1.06531  -0.06531   1.03844  -0.03844
H            1.06531  -0.06531   1.04126  -0.04126
 MOMENTS AT POINT    1 X,Y,Z=  0.000000  0.000000  0.815459
 DIPOLE       0.000000  0.000000 -3.863786
 $TWOEI
  9.38230714E+00 3.59976769E-01 4.84824997E+00 2.58194115E+00 3.69771466E-01
  2.26208409E+00 2.58194148E+00 3.69776490E-01 1.75438324E+00 2.26208436E+00
  2.58183187E+00 3.32723901E-01 1.75419897E+00 1.75419915E+00 2.26086141E+00
  2.58194100E+00 3.69770138E-01 1.75438299E+00 1.75438315E+00 1.75419887E+00
  2.26208393E+00 5.34555187E-01 8.74616081E-01 5.46225840E-01 5.46234928E-01
  4.77116637E-01 5.46223624E-01 7.93511636E-01 4.77420983E-01 2.45207020E-01
  4.30756917E-01 4.83467707E-01 4.92962925E-01 4.83475034E-01 3.05617652E-01
  6.34559265E-01 4.77421104E-01 2.45206926E-01 4.83470421E-01 4.83470409E-01
  4.92964961E-01 4.30757117E-01 3.05617335E-01 3.14559799E-01 6.34559190E-01
  4.77421090E-01 2.45206980E-01 4.83476421E-01 4.30756453E-01 4.92955720E-01
  4.83474092E-01 3.05617680E-01 3.14559787E-01 3.14559810E-01 6.34559277E-01
  3.45183918E-01 9.79149687E-01 3.50400140E-01 3.50403725E-01 3.21213806E-01
  3.56413518E-01 6.05502874E-01 2.46416069E-01 2.35039629E-01 2.46416445E-01
  8.04755090E-01 3.45184397E-01 9.79149333E-01 3.56415131E-01 3.50404347E-01
  3.21214312E-01 3.50399258E-01 6.05502929E-01 2.35039664E-01 2.46416823E-01
  2.46416345E-01 6.25819191E-01 8.04754825E-01 3.45184476E-01 9.79149229E-01
  3.50400223E-01 3.56419000E-01 3.21214702E-01 3.50399430E-01 6.05502935E-01
  2.46416833E-01 2.46416459E-01 2.35039648E-01 6.25819172E-01 6.25819123E-01
  8.04754690E-01
  9.38230714E+00 5.33690253E-06 4.84824997E+00 7.31854413E-02 4.94446098E-05
  2.26208409E+00 7.31854569E-02 4.94595063E-05 1.63533570E-01 2.26208436E+00
  7.32725252E-02 4.47107903E-05 1.63490705E-01 1.63490733E-01 2.26086141E+00
  7.31854128E-02 4.94421208E-05 1.63533554E-01 1.63533555E-01 1.63490684E-01
  2.26208393E+00 8.39182052E-04 1.30857982E-02 3.42616111E-03 3.42685942E-03
  1.56262863E-03 3.42598997E-03 7.93511636E-01 6.99498104E-04 1.08844575E-04
  1.48092799E-03 2.55682565E-03 3.14608405E-03 2.55738641E-03 4.22341463E-03
  6.34559265E-01 6.99505466E-04 1.08838850E-04 2.55702468E-03 2.55703453E-03
  3.14625259E-03 1.48091367E-03 4.22337960E-03 8.59070106E-03 6.34559190E-01
  6.99506062E-04 1.08843437E-04 2.55749445E-03 1.48096937E-03 3.14544339E-03
  2.55730589E-03 4.22341983E-03 8.59069521E-03 8.59070252E-03 6.34559277E-01
  1.11178094E-04 1.67663866E-02 5.03485937E-04 5.03609445E-04 2.04739976E-04
  4.46161658E-04 5.25141267E-02 1.31997888E-03 3.96750734E-03 1.32001256E-03
  8.04755090E-01 1.11179267E-04 1.67663909E-02 4.46168843E-04 5.03557335E-04
  2.04743392E-04 5.03529964E-04 5.25141556E-02 3.96746715E-03 1.32003975E-03
  1.31999291E-03 5.62533646E-02 8.04754825E-01 1.11179663E-04 1.67663863E-02
  5.03572803E-04 4.46180968E-04 2.04747196E-04 5.03501934E-04 5.25141641E-02
  1.32004006E-03 1.31999928E-03 3.96746434E-03 5.62533625E-02 5.62533389E-02
  8.04754690E-01
 $END
ENERGY LOCALIZED ORBITALS
 $VEC
 1  1 1.02396015E+00-1.21625156E-01-4.48969870E-07-4.13886327E-08-3.87567397E-04
 1  2-1.33199979E-01 5.07156663E-08 1.22245772E-07 7.54930296E-04-5.05513632E-03
 1  3 6.04333187E-09 2.56809022E-08 1.01746083E-03 5.76160699E-02 5.76160318E-02
 1  4 6.01319530E-02-2.56154367E-08-4.45883161E-08-3.90534445E-08-4.48465546E-04
 1  5 3.55487622E-04-7.73489097E-08-3.07368303E-08-6.29272092E-03-1.09005990E-03
 1  6-9.78902185E-08-4.50302553E-08-4.63273475E-03 2.59012172E-03 6.41753865E-03
 1  7 2.58996599E-03 6.41729690E-03 2.59016420E-03 6.41761988E-03
 2  1 2.63868949E-04-1.47772980E-03-9.82873855E-07-4.02159212E-07-4.05277859E-03
 2  2-2.31812823E-03 8.39785202E-08-2.45470994E-07-1.75451595E-03-2.06757926E-02
 2  3 1.84583077E-07-8.02600463E-08-5.33458561E-03 6.80131320E-04 6.80107711E-04
 2  4-4.01466037E-04 3.47822506E-08 3.32403184E-08 3.02174703E-08-1.00827461E+00
 2  5-6.39353606E-02 2.32504078E-07-6.34906712E-08 1.44655570E-02 1.53056464E-01
 2  6 2.62971686E-07-6.08440259E-08-8.71034381E-05-1.24516192E-03 3.39751661E-03
 2  7-1.24495456E-03 3.39778909E-03-1.24496537E-03 3.39763767E-03
 3  1-5.40882583E-02 4.91592635E-01 4.03067694E-01-6.98258352E-01 2.85424752E-01
 3  2 1.15598210E-01 1.98217396E-02-3.43393906E-02 1.60879466E-02-1.47661655E-02
 3  3-1.83034650E-02 3.17079821E-02-5.28584030E-03-4.44279180E-02-4.05601782E-02
 3  4-4.43374313E-02-3.86822829E-03 1.99487304E-03-3.45553675E-03 2.19048364E-03
 3  5-3.05160700E-03-3.75304275E-03 6.50183457E-03 2.10726794E-02-8.14338533E-03
 3  6-3.20388328E-03 5.55060056E-03 2.60805225E-02 2.09811398E-02 1.51879665E-02
 3  7-1.44312057E-02-1.02582190E-02-1.44286567E-02-1.02568936E-02
 4  1 5.40882431E-02-4.91592793E-01-4.03124703E-01-6.98179222E-01-2.85538267E-01
 4  2-1.15596459E-01-1.98249504E-02-3.43350830E-02-1.60947065E-02 1.47623325E-02
 4  3 1.83059209E-02 3.17042704E-02 5.28987039E-03 4.44276849E-02 4.05595266E-02
 4  4 4.43370426E-02-3.86790746E-03-1.99506596E-03-3.45541251E-03-2.19037643E-03
 4  5 3.05231094E-03 3.75355267E-03 6.50055036E-03-2.10765179E-02 8.14667310E-03
 4  6 3.20433967E-03 5.54929533E-03-2.60863898E-02 1.44274946E-02 1.02571873E-02
 4  7-2.09815356E-02-1.51874529E-02 1.44287153E-02 1.02578804E-02
 5  1-5.40072726E-02 4.90254163E-01 6.23539401E-05 6.95507787E-05-8.55708004E-01
 5  2 1.30102728E-01 3.35705564E-06 3.53800822E-06-4.71479712E-02-5.72366264E-02
 5  3-2.99022226E-06-3.16961935E-06 3.66949569E-02-4.75198436E-02-4.75194092E-02
 5  4-4.75385634E-02 3.55716550E-07 6.91143443E-08 2.83976007E-07-3.25075150E-03
 5  5 3.30640688E-03-1.13311521E-06-7.52784118E-07-1.99695743E-02 2.41245898E-02
 5  6-1.16930059E-06-6.85370220E-07-3.54593981E-02-1.81745387E-02-1.67130897E-03
 5  7-1.81711881E-02-1.66909294E-03-1.81751190E-02-1.67118167E-03
 6  1-5.40888157E-02 4.91592812E-01-8.06254241E-01 9.85783697E-06 2.85393465E-01
 6  2 1.15598723E-01-3.96505022E-02 4.88739739E-07 1.60858798E-02-1.47671869E-02
 6  3 3.66123839E-02-4.91923399E-07-5.28475757E-03-3.86261301E-02-4.63622527E-02
 6  4-4.43376399E-02 4.64016463E-08-3.98977012E-03 1.63277646E-08 2.19120721E-03
 6  5-3.05143050E-03 7.50811948E-03-1.93559148E-07 2.10717958E-02-8.14269325E-03
 6  6 6.40988934E-03-1.99035102E-07 2.60790798E-02-1.44304711E-02-1.02573116E-02
 6  7-1.44300177E-02-1.02570814E-02 2.09807355E-02 1.51874570E-02
 7  1-7.95396048E-03 1.11772556E-01 2.79989815E-07 2.37139120E-07 8.57734445E-02
 7  2-2.43820232E-01 1.19283657E-06 2.45929287E-08-3.29113805E-01-4.77907843E-02
 7  3 1.47712787E-06 1.25856315E-07-3.48257561E-02 2.47528762E-02 2.47528216E-02
 7  4-1.14284558E-01 2.07256665E-08 5.09232253E-07 9.01420867E-08 4.00007409E-02
 7  5-9.50776123E-02 2.53090620E-06 2.94763150E-07 3.60527509E-01-1.50017250E-01
 7  6 2.91418235E-06 3.48574800E-07 3.42671375E-01 1.60556459E-02 3.61166662E-02
 7  7 1.60557662E-02 3.61170117E-02 1.60559419E-02 3.61158515E-02
 8  1-6.39676340E-03 9.85262561E-02-3.71758110E-02 6.43874162E-02-3.34255515E-02
 8  2-1.64983089E-01 1.52921039E-01-2.64867185E-01 1.35913135E-01-1.79427116E-01
 8  3 4.29401873E-02-7.43742606E-02 6.05320781E-02-2.82277963E-03-5.46216513E-02
 8  4 3.78108046E-03 5.17988933E-02-4.05029692E-02 7.01533307E-02-3.61238307E-03
 8  5 6.81827244E-03-1.24114624E-02 2.14977567E-02-2.16155028E-02 1.99749834E-02
 8  6-2.54297233E-02 4.40461256E-02-2.59946948E-02-2.93691477E-01-3.66212094E-01
 8  7 2.22642913E-02 9.99968958E-02 2.22642582E-02 9.99966579E-02
 9  1 6.39665594E-03-9.85258074E-02-7.43491405E-02-3.88316168E-08 3.34269306E-02
 9  2 1.64983539E-01 3.05842567E-01-9.09567267E-09-1.35912270E-01 1.79427084E-01
 9  3 8.58805374E-02-2.05239552E-07-6.05320009E-02 8.05209940E-02-2.30767969E-02
 9  4-3.78090945E-03-3.25511482E-08-8.10058985E-02-1.40515206E-07 3.61298733E-03
 9  5-6.81815708E-03-2.48225804E-02-4.58008757E-07 2.16147860E-02-1.99751612E-02
 9  6-5.08590568E-02-5.41497931E-07 2.59940451E-02-2.22643034E-02-9.99965392E-02
 9  7-2.22644870E-02-9.99970813E-02 2.93691425E-01 3.66211760E-01
10  1-6.39733688E-03 9.85270622E-02-3.71748754E-02-6.43891054E-02-3.34245599E-02
10  2-1.64982983E-01 1.52920953E-01 2.64867142E-01 1.35913209E-01-1.79427218E-01
10  3 4.29400635E-02 7.43744680E-02 6.05320680E-02-2.82288951E-03-5.46217215E-02
10  4 3.78097245E-03-5.17988906E-02-4.05029622E-02-7.01532663E-02-3.61310913E-03
10  5 6.81813114E-03-1.24115633E-02-2.14974758E-02-2.16154322E-02 1.99748161E-02
10  6-2.54298308E-02-4.40458012E-02-2.59946237E-02 2.22643120E-02 9.99968114E-02
10  7-2.93691477E-01-3.66211986E-01 2.22641307E-02 9.99965501E-02
11  1 1.24477514E-03-1.45535092E-02-3.28326953E-02-7.96494066E-07-9.58174699E-03
11  2 5.02859684E-02 9.34582910E-02 1.67366037E-06 5.32123114E-02 1.53444137E-02
11  3 2.00318113E-01 3.61454044E-06 4.18043155E-03-4.67247241E-03 1.28056042E-02
11  4 9.67918564E-03 1.80056168E-07 9.53497771E-02 1.71424419E-06 6.00477693E-02
11  5-1.31213010E-01 3.80704247E-01 6.85240115E-06-1.26970244E-01-4.57099183E-01
11  6 4.43780717E-01 7.98699261E-06-1.25260652E-01 1.13717828E-02 7.52526901E-02
11  7 1.13726360E-02 7.52581167E-02-3.03050904E-02-1.86441282E-01
12  1 1.24454049E-03-1.45527018E-02 1.64163949E-02-2.84350443E-02-9.57954714E-03
12  2 5.02845484E-02-4.67309834E-02 8.09369144E-02 5.32096476E-02 1.53444694E-02
12  3-1.00162902E-01 1.73479252E-01 4.17998310E-03 8.43643340E-03-3.02947424E-04
12  4 9.67836503E-03 8.73887407E-03-4.76767336E-02 8.25744999E-02 6.00469181E-02
12  5-1.31212846E-01-1.90359475E-01 3.29696683E-01-1.26967027E-01-4.57097191E-01
12  6-2.21898930E-01 3.84322000E-01-1.25257532E-01-3.03045741E-02-1.86441015E-01
12  7 1.13718032E-02 7.52526297E-02 1.13730930E-02 7.52592221E-02
13  1 1.24440371E-03-1.45519031E-02 1.64162838E-02 2.84354850E-02-9.57893931E-03
13  2 5.02840336E-02-4.67282724E-02-8.09388322E-02 5.32096252E-02 1.53440258E-02
13  3-1.00156671E-01-1.73483076E-01 4.18006302E-03 8.43601514E-03-3.02703061E-04
13  4 9.67821690E-03-8.73903968E-03-4.76736270E-02-8.25762710E-02 6.00471409E-02
13  5-1.31212760E-01-1.90347385E-01-3.29703882E-01-1.26966587E-01-4.57096835E-01
13  6-2.21884813E-01-3.84330383E-01-1.25257105E-01 1.13725772E-02 7.52582236E-02
13  7-3.03045596E-02-1.86440913E-01 1.13718226E-02 7.52532928E-02
 $END
